2.081902008056640625e+02
-2.644633483886718750e+02
-1.553404051810503006e-02
7.763948059082031250e+01
3.647001953125000000e+02
-4.773279105307892678e-09
-2.087934711843977436e-43
3.388376464843750000e+02
9.434333801269531250e+01
-3.405027160644531250e+02
2.101947696487225606e-44
1.658834136719633534e-08
-5.764643447037087753e-06
-1.022947878957116462e-43
8.366086517387845737e-18
3.493463964332477190e-06
1.067560792979036368e-22
6.472797393798828125e+01
5.073970960728889368e-14
-9.108440018111310961e-44
1.070655807852745056e-01
-7.335003662109375000e+01
1.093012802173357315e-43
4.355686021846954031e-24
1.603004264831542969e+01
-3.054878400091308229e-25
3.705453529214113781e-41
1.004620730404837164e-31
2.582214660644531250e+02
3.265053927898406982e-01
-1.328397660596457413e-28
-3.087234687805175781e+01
-3.323674371898250028e-26
1.043528749502655050e-39
-2.068231201171875000e+02
-1.283616185188293457e+00
-2.288068237304687500e+02
-3.487432861328125000e+02
7.286752014489048769e-44
-2.026348266601562500e+02
-7.022282175894210877e-32
-1.001370620727539062e+02
-3.165900268554687500e+02
-1.765636065049269509e-43
1.771277849612069227e-35
1.087227630615234375e+02
2.930525207519531250e+02
3.981158458454814308e-10
1.037334346771240234e+01
-1.093576709629241403e-14
-2.511872338853092994e-39
-1.379602355957031250e+02
8.127531093083939011e-44
-1.475630950927734375e+02
-9.479218715569004416e-05
3.281974487304687500e+02
-2.317590904235839844e+01
-2.651849060058593750e+02
-3.444538269042968750e+02
-4.441822052001953125e+01
1.234916692966240778e-14
8.759472846984863281e+00
-1.947804865411495729e-43
2.084915161132812500e+02
-4.713630676269531250e+01
-1.603721160888671875e+02
6.053609365883209746e-43
-4.803330823779106140e-02
-4.078977661132812500e+02
2.844635882579378654e-43
-1.273012592692066014e-13
2.830622897936130483e-43
1.590473757008667375e-42
3.768438720703125000e+02
-1.790080988084214494e-37
5.745323703731749991e-44
1.485376372184306095e-43
-2.171619415283203125e+02
2.101947696487225606e-44
2.046183000814494335e-09
7.719753239965417244e-42
-3.455509284009411729e-28
-9.248569864543792668e-44
1.811430498863404531e-40
2.073921727200729265e-43
-1.424420471191406250e+02
6.167265098611096619e-08
-1.107383880615234375e+02
2.918384704589843750e+02
5.607340763588708477e-13
-2.844635882579378654e-43
-2.878183898925781250e+02
-2.058152759332187998e-09
-1.540214691162109375e+02
5.870485782623291016e+00
-3.161040954589843750e+02
2.028664550781250000e+02
-4.966138076782226562e+01
-2.103363647460937500e+02
3.393268737792968750e+02
3.893767700195312500e+02
2.422036166312089574e-23
2.579520568847656250e+02
-3.357723083496093750e+02
3.092729187011718750e+02
6.924767249938136271e-37
-3.713844604492187500e+02
-3.878198547363281250e+02
-3.885447387695312500e+02
-2.550363205071167069e-43
-2.856551513671875000e+02
1.219129663962590852e-43
-1.918642578125000000e+02
-2.331000213623046875e+02
2.279624786376953125e+02
1.720642547607421875e+02
1.121738586425781250e+02
-1.710108592650478720e-15
3.235499877929687500e+02
-1.645210876464843750e+02
-1.145825500488281250e+02
1.011947325593538052e-18
4.021565246582031250e+02
3.888082122802734375e+01
2.525828473732061247e-20
7.303935241699218750e+01
-1.865859173295323346e-37
1.344621210325104082e-37
-2.379497375488281250e+02
3.483006896972656250e+02
1.499142390087859766e-12
3.855133002043422140e-21
-2.143041687011718750e+02
4.106061401367187500e+02
3.834255935966038325e-18
1.559404602050781250e+02
-4.150714721679687500e+02
-3.531942749023437500e+02
1.639676513671875000e+02
5.969531458023720722e-43
4.123062438964843750e+02
4.098519897460937500e+02
-3.730231933593750000e+02
-3.342271728515625000e+02
-4.148292846679687500e+02
1.050973848243612803e-43
-1.412945070646166066e-35
5.134203990974439748e-38
3.425046081542968750e+02
-2.501318969726562500e+02
-2.554787750244140625e+02
-1.797299499511718750e+02
2.379854736328125000e+02
1.829725546691083506e-35
-1.117255265606176651e-40
-1.137854353031751462e-42
4.081330566406250000e+02
3.251012437233575605e-43
1.939870562637224793e-04
-2.342783203125000000e+02
-1.662356829967848171e-08
-3.482293090820312500e+02
-1.858621215820312500e+02
3.525538024902343750e+02
-3.483326721191406250e+02
4.099106140136718750e+02
2.764951171875000000e+02
-4.340086746215820312e+01
3.553301696777343750e+02
-8.555522155761718750e+01
-3.829385681152343750e+02
3.913629760742187500e+02
-3.991686401367187500e+02
-2.639085083007812500e+02
3.442911682128906250e+02
-5.138214211910963058e-03
3.665391056321554707e-36
-3.710940517549776718e-13
-3.201512166589153821e-16
-7.104583214126822550e-43
-1.078616862493220196e-09
4.231921362260947554e-43
-6.171657562255859375e+01
3.923635700109487799e-43
-6.695992094130076566e-10
1.443337418254561583e-43
3.415668334960937500e+02
3.582167846616357565e-05
5.086713425499085967e-43
-9.809089250273719496e-45
6.445972935894158526e-44
-3.572651977539062500e+02
1.566779479980468750e+02
1.793662034335765851e-43
-2.716632616414065172e-27
-2.742106062214588746e-07
-2.396220373995437191e-43
-3.529870831634214202e-42
1.303336944580078125e+02
3.233937072753906250e+02
-5.437038041580290235e-43
-2.912515258789062500e+02
2.993439766506030979e-40
-2.802596928649634142e-43
9.875620269775390625e+01
-7.651089615213501207e-43
-3.394203796386718750e+02
-2.081603109836578369e-01
-2.874703369140625000e+02
-2.520048522949218750e+02
-3.006216735839843750e+02
1.215472106933593750e+02
3.279038406520071946e-43
2.894672241210937500e+02
9.448507690429687500e+01
2.838900146484375000e+02
2.632254600524902344e+01
-9.901220321655273438e+00
8.612443340271325325e-29
-5.002945974164063614e-11
-1.592964630126953125e+02
-2.954051818847656250e+02
-4.331413553228009566e-41
1.177419128417968750e+02
4.123242568969726562e+01
3.388851928710937500e+02
3.549006958007812500e+02
3.148136291503906250e+02
-1.478271841754040823e-25
1.331233541108576217e-43
-2.884912719726562500e+02
-8.372974662052001804e-06
5.879741138414829038e-12
-7.401647654156628953e-14
3.539315218998178943e-31
-2.653702540555968881e-05
-3.493874511718750000e+02
3.367357788085937500e+02
1.501717328267204721e-08
7.214409637451171875e+01
-2.293598632812500000e+02
-8.385370010519705352e-42
-2.664771728515625000e+02
-3.345366111949868437e-14
-1.091272085180995162e-18
5.132205963134765625e+01
3.845050964355468750e+02
-2.754204406738281250e+02
3.783505853677006091e-44
-2.599271850585937500e+02
-2.564376189714415240e-43
-1.210500921722257317e-09
3.309761657714843750e+02
-3.237251281738281250e+02
9.322214508056640625e+01
-1.086794967651367188e+02
7.847271400218975597e-44
4.918557609780107919e-43
-1.022269236164453319e-34
-1.108427085280930303e-42
-1.869139709472656250e+02
-7.085303877829574049e-06
-2.238046370450774702e-08
-3.774714355468750000e+02
