7.032426595687866211e-01
7.603312134742736816e-01
8.911760449409484863e-01
3.805660903453826904e-01
2.117075920104980469e+00
7.779449224472045898e-01
3.625648498535156250e+00
2.084996461868286133e+00
2.380149841308593750e+00
1.291399821639060974e-02
2.265771627207868733e-06
1.646515011787414551e+00
1.916260600090026855e+00
2.457880735397338867e+00
1.782596230506896973e+00
2.242679119110107422e+00
2.019840180873870850e-01
2.182399988174438477e+00
1.042390391230583191e-01
1.799699068069458008e+00
2.037027597427368164e+00
2.742120504379272461e+00
6.262593865394592285e-01
1.453703284263610840e+00
2.546353340148925781e+00
3.250453233718872070e+00
2.429418325424194336e+00
2.178931713104248047e+00
8.551057577133178711e-01
1.333409428596496582e+00
2.853962898254394531e+00
2.674221038818359375e+00
3.162460088729858398e+00
9.139150381088256836e-01
4.984142631292343140e-02
1.758669376373291016e+00
3.262388229370117188e+00
1.263251781463623047e+00
1.675798654556274414e+00
3.943826556205749512e-01
1.283372402191162109e+00
1.795297622680664062e+00
1.608801722526550293e+00
3.698446989059448242e+00
1.321999549865722656e+00
5.932886789661079164e-25
2.400502742102413832e-39
4.375063776969909668e-01
-9.072673189431821141e-29
-2.492107629776000977e+00
-4.431057823239825666e-05
-3.992050005838631164e-37
3.520946800708770752e-01
5.558157563209533691e-01
1.270488432467146062e-21
2.035291433334350586e+00
8.322159647941589355e-01
2.358803033828735352e+00
1.642706990242004395e+00
3.065248727798461914e+00
2.168792247772216797e+00
1.358744621276855469e+00
5.120996851474046707e-03
2.574004173278808594e+00
1.710717558860778809e+00
-6.548033461038511907e-20
1.747647166252136230e+00
2.287534236907958984e+00
7.127816115115592766e-09
6.400244235992431641e-01
3.679865819255542621e-40
1.657680153846740723e+00
-1.553252664087014256e-18
2.469378814566880465e-04
1.680470108985900879e+00
2.146268030628561974e-03
3.336284160614013672e-01
1.363920629530103335e-26
8.836590647697448730e-01
4.596258962985399993e-43
2.523434877395629883e+00
7.949882149696350098e-01
2.256847858428955078e+00
2.154018640518188477e+00
-1.165313505413489992e-12
-1.165655060993907346e-18
2.042741060256958008e+00
5.018215924889315386e-17
3.247136116027832031e+00
-8.416198576734851328e-42
0.000000000000000000e+00
0.000000000000000000e+00
0.000000000000000000e+00
0.000000000000000000e+00
0.000000000000000000e+00
0.000000000000000000e+00
0.000000000000000000e+00
0.000000000000000000e+00
0.000000000000000000e+00
0.000000000000000000e+00
0.000000000000000000e+00
0.000000000000000000e+00
0.000000000000000000e+00
0.000000000000000000e+00
0.000000000000000000e+00
0.000000000000000000e+00
0.000000000000000000e+00
0.000000000000000000e+00
0.000000000000000000e+00
0.000000000000000000e+00
0.000000000000000000e+00
0.000000000000000000e+00
0.000000000000000000e+00
0.000000000000000000e+00
0.000000000000000000e+00
0.000000000000000000e+00
0.000000000000000000e+00
0.000000000000000000e+00
0.000000000000000000e+00
0.000000000000000000e+00
0.000000000000000000e+00
0.000000000000000000e+00
0.000000000000000000e+00
0.000000000000000000e+00
0.000000000000000000e+00
0.000000000000000000e+00
0.000000000000000000e+00
0.000000000000000000e+00
0.000000000000000000e+00
0.000000000000000000e+00
0.000000000000000000e+00
0.000000000000000000e+00
0.000000000000000000e+00
0.000000000000000000e+00
0.000000000000000000e+00
