9.186265468597412109e-01
3.162888050079345703e+00
1.043337821960449219e+00
9.290146827697753906e-01
2.157490730285644531e+00
2.620912790298461914e+00
9.340161085128784180e-01
1.037335634231567383e+00
9.587708711624145508e-01
2.070909976959228516e+00
1.652456760406494141e+00
2.353934764862060547e+00
4.020385265350341797e+00
1.007844686508178711e+00
4.065063476562500000e+00
3.545826911926269531e+00
9.184775352478027344e-01
9.433831572532653809e-01
3.457624912261962891e+00
4.090468883514404297e+00
1.025432586669921875e+00
3.786460876464843750e+00
9.200209379196166992e-01
9.257133603096008301e-01
9.955750107765197754e-01
1.515445709228515625e+00
9.119520187377929688e-01
1.045314431190490723e+00
9.667410254478454590e-01
4.402183532714843750e+00
4.410926342010498047e+00
1.582193255424499512e+00
1.053866505622863770e+00
4.840031147003173828e+00
9.965972304344177246e-01
3.940011024475097656e+00
1.218612670898437500e+00
9.870039820671081543e-01
1.001730561256408691e+00
4.692395687103271484e+00
9.453270435333251953e-01
9.793665409088134766e-01
4.054080963134765625e+00
9.821608066558837891e-01
9.949699640274047852e-01
9.041047096252441406e-01
1.015955686569213867e+00
9.099572896957397461e-01
1.032032966613769531e+00
2.459292411804199219e+00
3.122047901153564453e+00
1.374045610427856445e+00
4.959468841552734375e+00
9.561813473701477051e-01
9.510477781295776367e-01
9.406102299690246582e-01
1.075720906257629395e+00
9.554136991500854492e-01
3.516505718231201172e+00
2.937843322753906250e+00
1.085546970367431641e+00
3.843587398529052734e+00
1.022106289863586426e+00
3.460534095764160156e+00
4.253388881683349609e+00
9.361827969551086426e-01
9.288531541824340820e-01
4.380736351013183594e+00
4.221745491027832031e+00
1.005611658096313477e+00
9.303445816040039062e-01
1.770260214805603027e+00
4.139951705932617188e+00
1.005801439285278320e+00
2.842365980148315430e+00
9.655491709709167480e-01
1.077459216117858887e+00
1.341742515563964844e+00
9.370275735855102539e-01
9.376671910285949707e-01
4.851611137390136719e+00
9.878445863723754883e-01
1.066953182220458984e+00
3.413248062133789062e+00
1.040505290031433105e+00
1.022573351860046387e+00
2.330569744110107422e+00
1.075691103935241699e+00
2.000000029802322388e-01
2.000000029802322388e-01
2.000000029802322388e-01
2.000000029802322388e-01
2.000000029802322388e-01
2.000000029802322388e-01
2.000000029802322388e-01
2.000000029802322388e-01
2.000000029802322388e-01
2.000000029802322388e-01
2.000000029802322388e-01
2.000000029802322388e-01
2.000000029802322388e-01
2.000000029802322388e-01
2.000000029802322388e-01
2.000000029802322388e-01
2.000000029802322388e-01
2.000000029802322388e-01
2.000000029802322388e-01
2.000000029802322388e-01
2.000000029802322388e-01
2.000000029802322388e-01
2.000000029802322388e-01
2.000000029802322388e-01
2.000000029802322388e-01
2.000000029802322388e-01
2.000000029802322388e-01
2.000000029802322388e-01
2.000000029802322388e-01
2.000000029802322388e-01
2.000000029802322388e-01
2.000000029802322388e-01
2.000000029802322388e-01
2.000000029802322388e-01
2.000000029802322388e-01
2.000000029802322388e-01
2.000000029802322388e-01
2.000000029802322388e-01
2.000000029802322388e-01
2.000000029802322388e-01
2.000000029802322388e-01
2.000000029802322388e-01
2.000000029802322388e-01
2.000000029802322388e-01
2.000000029802322388e-01
2.000000029802322388e-01
2.000000029802322388e-01
2.000000029802322388e-01
2.000000029802322388e-01
2.000000029802322388e-01
2.000000029802322388e-01
2.000000029802322388e-01
2.000000029802322388e-01
2.000000029802322388e-01
2.000000029802322388e-01
2.000000029802322388e-01
2.000000029802322388e-01
2.000000029802322388e-01
2.000000029802322388e-01
2.000000029802322388e-01
2.000000029802322388e-01
2.000000029802322388e-01
2.000000029802322388e-01
2.000000029802322388e-01
2.000000029802322388e-01
2.000000029802322388e-01
2.000000029802322388e-01
2.000000029802322388e-01
2.000000029802322388e-01
2.000000029802322388e-01
2.000000029802322388e-01
2.000000029802322388e-01
2.000000029802322388e-01
2.000000029802322388e-01
2.000000029802322388e-01
2.000000029802322388e-01
2.000000029802322388e-01
2.000000029802322388e-01
2.000000029802322388e-01
2.000000029802322388e-01
2.000000029802322388e-01
2.000000029802322388e-01
2.000000029802322388e-01
2.000000029802322388e-01
2.000000029802322388e-01
2.000000029802322388e-01
2.000000029802322388e-01
2.000000029802322388e-01
0.000000000000000000e+00
0.000000000000000000e+00
0.000000000000000000e+00
0.000000000000000000e+00
0.000000000000000000e+00
0.000000000000000000e+00
0.000000000000000000e+00
0.000000000000000000e+00
0.000000000000000000e+00
0.000000000000000000e+00
0.000000000000000000e+00
0.000000000000000000e+00
0.000000000000000000e+00
0.000000000000000000e+00
0.000000000000000000e+00
0.000000000000000000e+00
0.000000000000000000e+00
0.000000000000000000e+00
0.000000000000000000e+00
0.000000000000000000e+00
0.000000000000000000e+00
0.000000000000000000e+00
0.000000000000000000e+00
0.000000000000000000e+00
0.000000000000000000e+00
0.000000000000000000e+00
0.000000000000000000e+00
0.000000000000000000e+00
0.000000000000000000e+00
0.000000000000000000e+00
0.000000000000000000e+00
0.000000000000000000e+00
0.000000000000000000e+00
0.000000000000000000e+00
0.000000000000000000e+00
0.000000000000000000e+00
0.000000000000000000e+00
0.000000000000000000e+00
0.000000000000000000e+00
0.000000000000000000e+00
0.000000000000000000e+00
0.000000000000000000e+00
0.000000000000000000e+00
0.000000000000000000e+00
0.000000000000000000e+00
0.000000000000000000e+00
0.000000000000000000e+00
0.000000000000000000e+00
0.000000000000000000e+00
0.000000000000000000e+00
0.000000000000000000e+00
0.000000000000000000e+00
0.000000000000000000e+00
0.000000000000000000e+00
0.000000000000000000e+00
0.000000000000000000e+00
0.000000000000000000e+00
0.000000000000000000e+00
0.000000000000000000e+00
0.000000000000000000e+00
0.000000000000000000e+00
0.000000000000000000e+00
0.000000000000000000e+00
0.000000000000000000e+00
0.000000000000000000e+00
0.000000000000000000e+00
0.000000000000000000e+00
0.000000000000000000e+00
0.000000000000000000e+00
0.000000000000000000e+00
0.000000000000000000e+00
0.000000000000000000e+00
0.000000000000000000e+00
0.000000000000000000e+00
0.000000000000000000e+00
0.000000000000000000e+00
0.000000000000000000e+00
0.000000000000000000e+00
0.000000000000000000e+00
0.000000000000000000e+00
0.000000000000000000e+00
0.000000000000000000e+00
0.000000000000000000e+00
0.000000000000000000e+00
0.000000000000000000e+00
0.000000000000000000e+00
0.000000000000000000e+00
0.000000000000000000e+00
