1.199955433799606297e+01
1.454245469807415425e+01
1.382125323850706167e+01
1.486076021774705680e+01
1.305045269285643883e+01
1.407933001614024704e+01
1.151877560744140894e+01
1.347478231962899997e+01
1.216564891452386910e+01
1.132876020704169662e+01
1.290270389232353843e+01
1.432723363734752375e+01
1.384356147091563471e+01
1.363600599337704722e+01
1.317740876990572119e+01
1.288182648926151330e+01
3.099187669021330471e+00
2.771297619556404079e+00
2.918488984516910634e+00
3.099550017137035596e+00
2.846373715279133076e+00
2.819866861090879695e+00
2.640625999261312806e+00
2.983635122062280765e+00
2.682813668364999238e+00
2.931691321920936844e+00
2.966036163213716215e+00
3.235276299027557201e+00
3.293817537150818264e+00
2.797603040814987008e+00
3.222625498391215260e+00
2.831843546717207616e+00
1.316886629012680388e+01
1.168283410549999601e+01
1.405340863088510694e+01
1.375699614614847377e+01
1.333038452417240904e+01
1.449113654401143236e+01
1.331889191628815539e+01
1.200268938864297397e+01
1.266310573127899453e+01
1.343432349084577915e+01
1.199503231144235116e+01
1.388289041715758998e+01
1.241239024060305596e+01
1.266159607221189987e+01
1.413309693222164753e+01
1.409246128419806077e+01
3.896112286405557068e+00
3.891916403802338387e+00
2.675912564172313157e+00
3.560367048874246709e+00
3.820859873608648982e+00
3.297455744542308942e+00
3.385866585950529029e+00
3.474331986943021811e+00
3.350729755053767356e+00
3.998745116464536675e+00
2.984905017343048250e+00
3.620417374452683745e+00
3.086213835085836799e+00
3.510571686967403515e+00
4.188356072569638044e+00
3.685709841753083360e+00
4.682632236946034254e+00
4.699432357318754860e+00
4.759712763245284251e+00
4.627377236260241666e+00
4.961811324489152852e+00
4.385756780720920567e+00
4.605884042411391377e+00
4.950991038685581991e+00
5.524782922399909424e+00
4.470075036037583160e+00
4.424614292621810385e+00
4.725485353349954565e+00
4.837188401702224638e+00
4.246223673469474491e+00
5.297546700127648833e+00
5.029057760626346685e+00
3.605962491487124222e+00
3.472714942773019953e+00
3.214397339730457936e+00
3.553938658569304465e+00
3.900521840863458767e+00
3.148835442811862784e+00
2.596152407523143690e+00
4.520869818852023769e+00
3.221411868119844257e+00
1.906366669897729071e+00
3.359483388830207140e+00
3.816481037481174177e+00
3.172283467633204346e+00
3.088822285216663133e+00
2.097327598729646247e+00
2.908968638839302567e+00
4.893513978151776023e+00
6.272178622913696877e+00
5.299547664030413330e+00
5.560913183022895723e+00
5.150513364875532574e+00
5.320808405068288671e+00
5.753209690036193535e+00
3.941362600260756466e+00
5.683348665784676790e+00
4.505439234611394284e+00
4.854702661626406623e+00
4.358021768089572312e+00
3.778717720886240805e+00
4.734208327150573048e+00
5.434945934428611736e+00
5.660758584753589062e+00
1.556372766856371292e+01
1.605189624412204452e+01
1.404380441843306926e+01
1.571324700830492382e+01
1.634017864012854915e+01
1.662604037472810603e+01
1.676824568714015129e+01
1.692578127433520763e+01
1.544512381445101745e+01
1.664161113323377350e+01
1.480492049808792387e+01
1.706444036696887423e+01
1.716296871234492727e+01
1.552331599388091554e+01
1.571508788825947711e+01
1.589339845770555826e+01
