3.245187377929687500e+01
1.666448974609375000e+01
7.189778261817991734e-04
1.910946965217590332e+00
1.530686569213867188e+01
5.884499073028564453e+00
6.200785160064697266e+00
1.766799736022949219e+01
2.026563453674316406e+01
5.542791366577148438e+00
3.177096366882324219e+01
1.940068435668945312e+01
1.455263519287109375e+01
2.315800637006759644e-01
1.824858474731445312e+01
2.221902084350585938e+01
2.285878944396972656e+01
2.505267333984375000e+01
1.822378730773925781e+01
3.218578720092773438e+01
2.898352050781250000e+01
6.200947609613649547e-06
3.411174631651192612e-08
1.435103130340576172e+01
4.705606937408447266e+00
8.455734252929687500e+00
1.042525182128883898e-04
4.141191393136978149e-02
4.868762940168380737e-02
7.011924266815185547e+00
3.510521697998046875e+01
4.241972923278808594e+00
5.222401767969131470e-02
2.241380882263183594e+01
1.066724681854248047e+01
3.140494155883789062e+01
5.732204914093017578e+00
3.410820770263671875e+01
2.287717437744140625e+01
2.110318183898925781e+01
1.631729698181152344e+01
1.682458877563476562e+01
2.133244705200195312e+01
2.230973243713378906e+01
2.319504356384277344e+01
1.737790870666503906e+01
1.789678382873535156e+01
1.645813751220703125e+01
9.043672561645507812e+00
8.704277038574218750e+00
2.549927830696105957e-01
4.988488275557756424e-03
1.182889945994247682e-06
1.158785565280595620e-07
5.696592386811971664e-03
4.997457563877105713e-01
3.216623544692993164e+00
2.110881047121213749e-17
1.337157726287841797e+01
2.597730398178100586e+00
4.167366027832031250e+00
1.603273200988769531e+01
5.893458366394042969e+00
1.838998222351074219e+01
5.098622664809226990e-02
4.137449339032173157e-02
1.424097442626953125e+01
2.724783420562744141e+00
2.447026634216308594e+01
1.139688682556152344e+01
2.968976736068725586e+00
2.152821670931004405e-10
1.139061301946640015e-01
1.977691650390625000e+00
1.363722980022430420e-01
2.215536534786224365e-01
2.666856050491333008e+00
1.200209379196166992e+00
2.097113430500030518e-02
1.638827514648437500e+01
3.325069323182106018e-02
5.633069038391113281e+00
1.552704715728759766e+01
3.171187639236450195e-01
5.468976382871915121e-09
2.453832887113094330e-03
2.767995119094848633e+00
2.895508334040641785e-02
1.555667042732238770e+00
3.380886614322662354e-01
1.069629764556884766e+01
2.761252403259277344e+00
2.570036449469625950e-04
7.827069759368896484e+00
5.493659991770982742e-03
2.141934121027588844e-03
1.148770689964294434e+00
2.451273679733276367e+00
2.012952929362654686e-03
-6.236323621124029160e-03
2.712237238883972168e-01
1.269762229919433594e+01
2.883441448211669922e+00
1.991637420654296875e+01
6.445613861083984375e+00
1.839153480529785156e+01
1.600175636440326343e-08
2.999690495997242579e-10
1.358644199371337891e+01
1.998408126831054688e+01
6.083048820495605469e+00
1.241519451141357422e+01
-1.155587387084960938e+01
1.796239089965820312e+01
1.764670181274414062e+01
7.152221202850341797e+00
1.711323142051696777e+00
1.845802497863769531e+01
8.704722523689270020e-01
1.084277555346488953e-01
2.774997949600219727e+00
8.468141555786132812e-01
5.956766330195151227e-12
1.657368421554565430e+00
8.184955120086669922e-01
6.283422314032479746e-42
1.442518681287765503e-01
2.352109737694263458e-02
1.016031205654144287e-02
-1.597676734926298457e-19
2.324736350572632604e-28
2.851560765293470467e-08
1.011404953896999359e-02
1.032837371184314179e-08
1.957117246043083014e-10
-2.757645847784040427e-11
1.228522069141035900e-05
1.841290235519409180e+00
1.404352569580078125e+01
1.995741271972656250e+01
1.257937049865722656e+01
2.410500526428222656e+01
2.049916839599609375e+01
1.386674690246582031e+01
6.679826259613037109e+00
1.347150802612304688e+01
1.571339070796966553e-01
1.877492479979991913e-02
4.702593013644218445e-02
9.368000030517578125e-01
1.057687568664550781e+01
9.553922653198242188e+00
1.675244522094726562e+01
2.694379997253417969e+01
3.549312427639961243e-02
1.360370447400782723e-07
-1.207055424579453473e-13
2.607790946960449219e+00
9.269135475158691406e+00
2.068661880493164062e+01
1.369066429138183594e+01
1.139460086822509766e+01
1.453731918334960938e+01
3.944638729095458984e+00
1.006216287612915039e+00
1.221459484100341797e+01
5.115414619445800781e+00
8.868864178657531738e-02
-2.714650917053222656e+01
1.136919784545898438e+01
7.027336359024047852e-01
1.319226264953613281e+01
7.432658195495605469e+00
1.557986259460449219e+01
1.062764549255371094e+01
1.636865425109863281e+01
1.313204169273376465e+00
1.037371993064880371e+00
9.740203022956848145e-01
8.729015350341796875e+00
2.433176850900053978e-03
4.494926929473876953e-01
5.956395864486694336e-01
2.024236679077148438e+00
7.453446596628054976e-05
2.273941230773925781e+01
9.190666198730468750e+00
3.165309715270996094e+01
1.241669906448805705e-06
7.022297382354736328e+00
1.890206331154331565e-04
1.876838874816894531e+01
1.293787670135498047e+01
1.752372550964355469e+01
-1.738913345336914062e+01
6.220463752746582031e+00
-1.729911041259765625e+01
7.850242853164672852e-01
4.473686218261718750e+00
1.721634626388549805e+00
1.697563711786642671e-04
5.309817790985107422e+00
2.068504095077514648e+00
3.369804382324218750e+00
3.417162418365478516e+00
4.585050106048583984e+00
-2.284913253784179688e+01
1.481663942337036133e+00
1.249980628490447998e-01
1.566649913787841797e+01
3.264964470872655511e-05
2.136839866638183594e+00
2.054224610328674316e-01
1.828107643127441406e+01
1.297491264343261719e+01
9.942780494689941406e+00
1.198750906041823328e-04
2.565357685089111328e+00
2.430052161216735840e-01
1.446055597625672817e-03
9.177426695823669434e-01
2.661119699478149414e+00
3.350828170776367188e+00
1.362322902679443359e+01
-5.130658132504115065e-15
2.404963015578687191e-05
-1.066185760498046875e+01
6.653517320431845405e-11
7.171792984008789062e+00
1.033484649658203125e+01
4.597396850585937500e+00
4.843221604824066162e-01
2.757141919573768973e-05
4.204639494419097900e-01
3.215951099991798401e-02
1.515722274780273438e+01
1.936513900756835938e+01
1.682556152343750000e+01
5.903903484344482422e+00
1.355474472045898438e+00
5.626920145004987717e-03
7.711601357485164954e-10
1.128330186475068331e-04
1.327698707580566406e+01
2.687592697143554688e+01
7.723205566406250000e+00
2.538080513477325439e-01
1.096915826201438904e-01
1.382011172168517987e-09
5.851498603820800781e+00
3.117183037102222443e-02
2.793182730674743652e-01
1.216781660914421082e-01
3.836228609085083008e+00
9.157523512840270996e-02
1.061935095414412444e-09
1.900443881750106812e-01
4.485261342779267579e-06
1.866092830896377563e-01
3.730901479721069336e-01
6.660541057586669922e+00
1.618793998972671929e-39
8.484842300415039062e+00
4.831807687878608704e-02
