-6.992797255516052246e-01
1.327032685279846191e+00
-2.356600046157836914e+00
4.043267667293548584e-01
-6.008186936378479004e-01
-1.152236461639404297e+00
3.104986667633056641e+00
-2.454245090484619141e+00
-6.273782849311828613e-01
1.598608680069446564e-02
3.369502723217010498e-01
-3.533992171287536621e-02
-4.916164278984069824e-01
-1.377736330032348633e+00
2.186832904815673828e+00
1.416160106658935547e+00
2.144397702068090439e-03
3.208240866661071777e-01
-1.321176528930664062e+00
3.091691732406616211e-01
1.481602489948272705e-01
1.215026259422302246e+00
1.856640428304672241e-01
1.482553601264953613e+00
5.217515826225280762e-01
1.995412074029445648e-02
3.195226490497589111e-01
-2.307115821167826653e-03
-1.527997702360153198e-01
9.745143055915832520e-01
1.138516902923583984e+00
-1.552535220980644226e-02
-1.420085906982421875e+00
3.110709488391876221e-01
-9.726171493530273438e-01
2.752823531627655029e-01
1.359482526779174805e+00
1.130010247230529785e+00
-4.846002459526062012e-01
-4.859034121036529541e-01
-2.935696542263031006e-01
-1.679467223584651947e-02
-1.587183356285095215e+00
2.770284116268157959e-01
-1.078695893287658691e+00
8.255194425582885742e-01
1.302286982536315918e+00
2.492292225360870361e-01
-2.092948198318481445e+00
-1.073120713233947754e+00
1.193389654159545898e+00
1.691517472267150879e+00
-1.180665373802185059e+00
-6.226108074188232422e-01
-8.111275434494018555e-01
-5.490640997886657715e-01
1.785163760185241699e+00
1.077655673027038574e+00
9.980072379112243652e-01
1.912725344300270081e-02
2.051551103591918945e+00
-9.940294548869132996e-03
-9.620787948369979858e-02
1.310978651046752930e+00
6.240149736404418945e-01
1.006948828697204590e+00
9.093890339136123657e-02
-9.868495911359786987e-02
1.395192503929138184e+00
4.024155810475349426e-02
9.761645793914794922e-01
7.432636618614196777e-01
3.808742046356201172e+00
-4.701188206672668457e-01
-9.898316264152526855e-01
-1.308111906051635742e+00
1.001842379570007324e+00
3.624796494841575623e-02
-1.499644294381141663e-02
-1.361087441444396973e+00
-1.024732828140258789e+00
9.926867485046386719e-01
-1.101563572883605957e+00
1.230074405670166016e+00
-2.504093050956726074e-01
1.004688262939453125e+00
1.070988059043884277e+00
-1.150944590568542480e+00
-1.781175374984741211e+00
1.982764005661010742e+00
9.008129239082336426e-01
1.347687654197216034e-02
1.735955715179443359e+00
-1.443529725074768066e+00
-8.101214766502380371e-01
-5.249096751213073730e-01
2.847169339656829834e-01
-5.434411168098449707e-01
-1.389816552400588989e-01
-2.134337574243545532e-01
4.943020269274711609e-02
-5.176352337002754211e-02
1.314041167497634888e-01
-2.109654664993286133e+00
-8.091279864311218262e-02
1.022509694099426270e+00
-1.362401604652404785e+00
2.553606331348419189e-01
1.430356621742248535e+00
-2.315833121538162231e-01
1.745710611343383789e+00
1.858200192451477051e+00
-2.527417615056037903e-02
3.077797293663024902e-01
-4.361873567104339600e-01
2.040958166122436523e+00
2.238525301218032837e-01
7.817919850349426270e-01
-1.426896452903747559e+00
1.257772445678710938e-01
1.097435235977172852e+00
3.218186199665069580e-01
1.151802062988281250e+00
-1.274057328701019287e-01
-1.706824421882629395e+00
-1.662404417991638184e+00
-1.189414635300636292e-01
-2.341657727956771851e-01
5.189371481537818909e-02
1.231590583920478821e-01
1.817448854446411133e+00
-1.224808692932128906e-01
-8.460944890975952148e-01
-9.383905678987503052e-02
-1.310027360916137695e+00
-1.613061176612973213e-03
2.468057870864868164e+00
-6.100481376051902771e-02
-1.626024127006530762e+00
2.484574466943740845e-01
-2.060987949371337891e+00
1.526514649391174316e+00
1.048038959503173828e+00
2.777631208300590515e-02
2.611515820026397705e-01
1.601290464401245117e+00
1.440400004386901855e+00
6.639997009187936783e-03
1.684073954820632935e-01
8.918019533157348633e-01
6.176192313432693481e-02
1.321651101112365723e+00
4.886650945991277695e-03
-1.024860024452209473e+00
2.475102245807647705e-01
8.087179064750671387e-02
1.480335354804992676e+00
-3.186380490660667419e-03
1.663741827011108398e+00
-1.812743902206420898e+00
1.726986616849899292e-01
-2.022223711013793945e+00
-8.636487722396850586e-01
-7.331127300858497620e-03
7.638535499572753906e-01
-8.599027991294860840e-01
1.127578377723693848e+00
7.405728101730346680e-02
-1.465387344360351562e+00
1.716882348060607910e+00
1.316340684890747070e+00
3.491942286491394043e-01
2.287357449531555176e-01
-1.111353039741516113e+00
6.049428582191467285e-01
1.314952492713928223e+00
7.794635052960074972e-07
-2.318074548384174705e-04
-1.258872362086549401e-05
4.326406717300415039e-01
8.895430596567166504e-07
-4.508466986408166122e-07
2.692671716213226318e-01
1.607874874025583267e-03
-1.313420507358387113e-04
1.303515024483203888e-02
-3.864559577777981758e-03
-3.210039734840393066e-01
-7.988226413726806641e-01
2.825206518173217773e+00
-1.755506545305252075e-01
-2.590297954156994820e-04
-1.200342297554016113e+00
3.388780532986856997e-05
-1.786645618267357349e-03
2.196163450207677670e-06
-8.649691008031368256e-03
-2.429638504981994629e-01
-2.840648448909632862e-06
6.937688885955139995e-05
2.712118029594421387e-01
-2.237683907151222229e-02
1.152960612671449780e-05
-5.784312816103920341e-05
1.119833230972290039e+00
-1.222236278408672661e-05
3.129127435386180878e-06
-5.779975280165672302e-02
-6.878933345433324575e-05
4.421464800834655762e-01
5.544001032831147313e-05
-5.480293631553649902e-01
-1.797883305698633194e-04
7.443915092153474689e-05
-4.127525091171264648e-01
6.836503148078918457e-01
-4.424926340579986572e-01
1.252369642257690430e+00
-3.293761778877524193e-07
-5.688923597335815430e-01
1.922129740705713630e-05
5.897797527723014355e-04
-2.201814902946352959e-03
1.462277650833129883e+00
1.872381290013436228e-05
-2.992050051689147949e-01
1.129746306105516851e-05
8.646205067634582520e-01
-2.156286984682083130e-01
-5.072575731901451945e-06
-1.529958751052618027e-02
-1.135035514831542969e+00
1.208253651857376099e-01
5.090635568194556981e-06
1.835703733377158642e-05
1.336263418197631836e+00
7.076079249382019043e-01
2.601166670501697809e-06
1.608933329582214355e+00
6.815421329520177096e-07
-1.116438388824462891e+00
-9.621536446502432227e-05
-3.078871814068406820e-04
1.414088368415832520e+00
5.798492208123207092e-02
1.258996009826660156e+00
-5.040350515628233552e-06
-2.086576521396636963e-01
1.944235682487487793e+00
5.774244666099548340e-01
-4.922582320432411507e-06
1.375261787325143814e-02
-3.028519276995211840e-04
-1.555281784385442734e-02
-2.520273847039788961e-04
7.727341055870056152e-01
-4.539338624454103410e-05
-4.918927970720687881e-06
5.693498650316541898e-08
2.290466800332069397e-02
8.036380410194396973e-01
3.291659709248051513e-07
-8.054701538640074432e-06
-7.159730557759758085e-06
